#SECRET NETWORK
MNEMONIC="desk pigeon hammer sleep only mistake stool december offer patrol once vacant"
CODE_HASH="4fb0433133d3e9441790ab713ad8000bb99c3894a36b679f355ffaea052035b9"
SECRET_ADDRESS="secret1lft908ws8h034zpa6y2gsq2shpsksekl05gqgq"
SECRET_PUBLIC_KEY=2,251,34,75,188,184,127,245,254,38,103,132,60,248,107,222,239,201,55,224,56,34,139,127,66,213,21,19,126,68,113,76,233

#EVM
PRIVATE_KEY="1e598c566f622120e4c617fb8fbfd3a064751bdabe20f50ca9fe646488910d40"
INFURA_KEY="7bb38f598ae5404ebc844325edec7c4e"
CONTRACT_ADDRESS="0x90c6C32994c622f3882579C76C4b4c41022da494"
ECC_PUBLIC_KEY=3,71,243,133,9,117,252,116,53,22,11,185,66,31,165,173,19,197,72,245,37,47,86,237,143,23,150,159,138,96,83,30,149
ECC_PRIVATE_KEY=179,122,255,122,50,21,21,77,217,222,108,175,177,55,174,211,129,249,171,243,179,88,66,19,85,39,48,169,179,113,171,195
